0 0
0.35 0.0035
1.05 0.014
2.1 0.035
3.5 0.07
5.25 0.1225
7 0.1925
8.75 0.28
10.5 0.385
12.25 0.5075
14 0.6475
15.75 0.805
17.5 0.98
19.25 1.1725
21 1.3825
22.75 1.61
24.5 1.855
26.25 2.1175
28 2.3975
29.75 2.695
31.5 3.01
33.25 3.3425
35 3.6925
36.75 4.06
38.5 4.445
40.25 4.8475
42 5.2675
43.75 5.705
45.5 6.16
47.25 6.6325
49 7.1225
50.75 7.63
52.5 8.155
54.25 8.6975
56 9.2575
57.75 9.835
59.5 10.43
61.25 11.0425
63 11.6725
64.75 12.32
66.5 12.985
68.25 13.6675
70 14.3675
71.75 15.085
73.5 15.82
75.25 16.5725
77 17.3425
78.75 18.13
80.5 18.935
82.25 19.7575
84 20.5975
85.75 21.455
87.5 22.33
89.25 23.2225
91 24.1325
92.75 25.06
94.5 26.005
96.25 26.9675
98 27.9475
99.75 28.945
101.5 29.96
103.25 30.9925
105 32.0425
106.75 33.11
108.5 34.195
110.25 35.2975
112 36.4175
113.75 37.555
115.5 38.71
117.25 39.8825
119 41.0725
120.75 42.28
122.5 43.505
124.25 44.7475
126 46.0075
127.75 47.285
129.5 48.58
131.25 49.8925
133 51.2225
134.75 52.57
136.5 53.935
138.25 55.3175
140 56.7175
141.75 58.135
143.5 59.57
145.25 61.0225
147 62.4925
148.75 63.98
150.5 65.485
152.25 67.0075
154 68.5475
155.75 70.105
157.5 71.68
159.25 73.2725
161 74.8825
162.75 76.51
164.5 78.155
166.25 79.8175
168 81.4975
169.75 83.195
171.5 84.91
173.25 86.6425
175 88.3925
176.75 90.16
178.5 91.945
180.25 93.7475
182 95.5675
183.75 97.405
185.5 99.26
187.25 101.1325
189 103.0225
190.75 104.93
192.5 106.855
194.25 108.7975
196 110.7575
197.75 112.735
199.5 114.73
201.25 116.7425
203 118.7725
204.75 120.82
206.5 122.885
208.25 124.9675
210 127.0675
211.75 129.185
213.5 131.32
215.25 133.4725
217 135.6425
218.75 137.83
220.5 140.035
222.25 142.2575
224 144.4975
225.75 146.755
227.5 149.03
229.25 151.3225
231 153.6325
232.75 155.96
234.5 158.305
236.25 160.6675
238 163.0475
239.75 165.445
241.5 167.86
243.25 170.2925
245 172.7425
246.75 175.21
248.5 177.695
250.25 180.1975
252 182.7175
253.75 185.255
255.5 187.81
257.25 190.3825
259 192.9725
260.75 195.58
262.5 198.205
264.25 200.8475
266 203.5075
267.75 206.185
269.5 208.88
271.25 211.5925
273 214.3225
274.75 217.07
276.5 219.835
278.25 222.6175
280 225.4175
281.75 228.235
283.5 231.07
285.25 233.9225
287 236.7925
288.75 239.68
290.5 242.585
292.25 245.5075
294 248.4475
295.75 251.405
297.5 254.38
299.25 257.3725
301 260.3825
302.75 263.41
304.5 266.455
306.25 269.5175
308 272.5975
309.75 275.695
311.5 278.81
313.25 281.9425
315 285.0925
316.75 288.26
318.5 291.445
320.25 294.6475
322 297.8675
323.75 301.105
325.5 304.36
327.25 307.6325
329 310.9225
330.75 314.23
332.5 317.555
334.25 320.8975
336 324.2575
337.75 327.635
339.5 331.03
341.25 334.4425
343 337.8725
344.75 341.32
346.5 344.785
348.25 348.2675
350 351.7675
351.75 355.285
353.5 358.82
355.25 362.3725
357 365.9425
358.75 369.53
360.5 373.135
362.25 376.7575
364 380.3975
365.75 384.055
367.5 387.73
369.25 391.4225
371 395.1325
372.75 398.86
374.5 402.605
376.25 406.3675
378 410.1475
379.75 413.945
381.5 417.76
383.25 421.5925
385 425.4425
386.75 429.31
388.5 433.195
390.25 437.0975
392 441.0175
393.75 444.955
395.5 448.91
397.25 452.8825
399 456.8725
400.75 460.88
402.5 464.905
404.25 468.9475
406 473.0075
407.75 477.085
409.5 481.18
411.25 485.2925
413 489.4225
414.75 493.57
416.5 497.735
418.25 501.9175
420 506.1175
421.75 510.335
423.5 514.57
425.25 518.8225
427 523.0925
428.75 527.38
430.5 531.685
432.25 536.0075
434 540.3475
435.75 544.705
437.5 549.08
439.25 553.4725
441 557.8825
442.75 562.31
444.5 566.755
446.25 571.2175
448 575.6975
449.75 580.195
451.5 584.71
453.25 589.2425
455 593.7925
456.75 598.36
458.5 602.945
460.25 607.5475
462 612.1675
463.75 616.805
465.5 621.46
467.25 626.1325
469 630.8225
470.75 635.53
472.5 640.255
474.25 644.9975
476 649.7575
477.75 654.535
479.5 659.33
481.25 664.1425
483 668.9725
484.75 673.82
486.5 678.685
488.25 683.5675
490 688.4675
491.75 693.385
493.5 698.32
495.25 703.2725
497 708.2425
498.75 713.23
500.5 718.235
502.25 723.2575
504 728.2975
505.75 733.355
507.5 738.43
509.25 743.5225
511 748.6325
512.75 753.76
514.5 758.905
516.25 764.0675
518 769.2475
519.75 774.445
521.5 779.66
523.2293 784.8922
524.9379 790.1416
526.6258 795.4079
528.293 800.6908
529.9395 805.9902
531.5653 811.3059
533.1704 816.6376
534.7548 821.9851
536.3185 827.3483
537.8615 832.7269
539.3838 838.1207
540.8854 843.5296
542.3663 848.9533
543.8265 854.3915
545.266 859.8442
546.6848 865.3110
548.0829 870.7919
549.4603 876.2865
550.817 881.7946
552.153 887.3162
553.4683 892.8509
554.7629 898.3985
556.0368 903.9589
557.29 909.5318
558.5225 915.1170
559.7343 920.7143
560.9254 926.3236
562.0958 931.9445
563.2455 937.5770
564.3745 943.2207
565.4828 948.8756
566.5704 954.5413
567.6373 960.2176
568.6835 965.9045
569.709 971.6016
570.7138 977.3087
571.6979 983.0257
572.6613 988.7523
573.604 994.4883
574.526 1000.2336
575.4273 1005.9879
576.3079 1011.7509
577.1678 1017.5226
578.007 1023.3027
578.8255 1029.0909
579.6233 1034.8872
580.4004 1040.6912
581.1568 1046.5028
581.8925 1052.3217
582.6075 1058.1478
583.3018 1063.9808
583.9754 1069.8205
584.6283 1075.6668
585.2605 1081.5194
585.872 1087.3781
586.4628 1093.2428
587.0329 1099.1131
587.5823 1104.9889
588.111 1110.8700
588.619 1116.7562
589.1063 1122.6473
589.5729 1128.5430
590.0188 1134.4432
590.444 1140.3476
590.8485 1146.2561
591.2323 1152.1684
591.5954 1158.0844
591.9378 1164.0038
592.2595 1169.9264
592.5605 1175.8520
592.8408 1181.7804
593.1004 1187.7114
593.3393 1193.6448
593.5575 1199.5804
593.755 1205.5179
593.9318 1211.4572
594.0879 1217.3981
594.2233 1223.3403
594.338 1229.2837
594.432 1235.2280
594.5053 1241.1731
594.5579 1247.1187
594.5898 1253.0646
594.601 1259.0106
594.5915 1264.9565
594.5613 1270.9021
594.5104 1276.8472
594.4388 1282.7916
594.3465 1288.7351
594.2335 1294.6774
594.0998 1300.6184
593.9454 1306.5578
593.7703 1312.4955
593.5745 1318.4313
593.358 1324.3649
593.1208 1330.2961
592.8629 1336.2247
592.5843 1342.1506
592.285 1348.0734
591.965 1353.9931
591.3640 1359.9067
590.7636 1365.8143
590.1638 1371.7160
589.5646 1377.6116
588.9659 1383.5013
588.3678 1389.3850
587.7703 1395.2627
587.1733 1401.1344
586.5769 1407.0002
585.9810 1412.8600
585.3857 1418.7138
584.7910 1424.5617
584.1968 1430.4037
583.6032 1436.2397
583.0101 1442.0698
582.4176 1447.8940
581.8257 1453.7123
581.2343 1459.5246
580.6434 1465.3311
580.0531 1471.1316
579.4634 1476.9262
578.8742 1482.7150
578.2855 1488.4978
577.6974 1494.2748
577.1098 1500.0459
576.5228 1505.8111
575.9363 1511.5705
575.3504 1517.3240
574.7650 1523.0716
574.1801 1528.8134
573.5958 1534.5494
573.0120 1540.2795
572.4288 1546.0038
571.8461 1551.7223
571.2639 1557.4349
570.6823 1563.1417
570.1012 1568.8427
569.5206 1574.5379
568.9406 1580.2274
568.3610 1585.9110
567.7821 1591.5888
567.2036 1597.2608
566.6257 1602.9271
566.0483 1608.5876
565.4714 1614.2423
564.8950 1619.8912
564.3192 1625.5344
563.7439 1631.1719
563.1691 1636.8036
562.5948 1642.4295
562.0210 1648.0497
561.4478 1653.6642
560.8751 1659.2729
560.3029 1664.8760
559.7312 1670.4733
559.1600 1676.0649
558.5893 1681.6508
558.0192 1687.2310
557.4495 1692.8055
556.8804 1698.3743
556.3117 1703.9374
555.7436 1709.4948
555.1760 1715.0466
554.6089 1720.5927
554.0423 1726.1331
553.4762 1731.6679
552.9106 1737.1970
552.3455 1742.7204
551.7809 1748.2382
551.2168 1753.7504
550.6532 1759.2569
550.0901 1764.7578
549.5275 1770.2531
548.9654 1775.7428
548.4038 1781.2268
547.8427 1786.7052
547.2820 1792.1780
546.7219 1797.6453
546.1623 1803.1069
545.6031 1808.5629
545.0444 1814.0134
544.4863 1819.4582
543.9286 1824.8975
543.3714 1830.3312
542.8147 1835.7594
542.2584 1841.1820
541.7027 1846.5990
541.1474 1852.0105
540.5927 1857.4164
540.0384 1862.8168
539.4845 1868.2116
538.9312 1873.6009
538.3783 1878.9847
537.8260 1884.3630
537.2741 1889.7357
536.7226 1895.1029
536.1717 1900.4647
535.6212 1905.8209
535.0712 1911.1716
534.5216 1916.5168
533.9726 1921.8565
533.4240 1927.1908
532.8759 1932.5195
532.3282 1937.8428
531.7810 1943.1606
531.2343 1948.4730
530.6880 1953.7798
530.1422 1959.0813
529.5969 1964.3772
529.0520 1969.6678
528.5076 1974.9528
527.9637 1980.2325
527.4202 1985.5067
526.8772 1990.7754
526.3346 1996.0388
525.7925 2001.2967
525.2509 2006.5492
524.7097 2011.7963
524.1690 2017.0380
523.6287 2022.2743
523.0889 2027.5052
522.5495 2032.7307
522.0106 2037.9508
521.4721 2043.1655
520.9341 2048.3749
520.3965 2053.5788
519.8594 2058.7774
519.3227 2063.9707
518.7865 2069.1585
518.2507 2074.3410
517.7154 2079.5182
517.1805 2084.6900
516.6461 2089.8564
516.1121 2095.0176
515.5785 2100.1734
515.0454 2105.3238
514.5127 2110.4689
513.9805 2115.6087
513.4487 2120.7432
512.9173 2125.8724
512.3864 2130.9963
511.8559 2136.1148
511.3259 2141.2281
510.7963 2146.3360
510.2671 2151.4387
509.7383 2156.5361
509.2100 2161.6282
508.6821 2166.7150
508.1547 2171.7966
507.6276 2176.8728
507.1011 2181.9439
506.5749 2187.0096
506.0491 2192.0701
505.5238 2197.1253
504.9989 2202.1753
504.4745 2207.2201
503.9505 2212.2596
503.4268 2217.2939
502.9036 2222.3229
502.3809 2227.3467
501.8585 2232.3653
501.3366 2237.3786
500.8151 2242.3868
500.2940 2247.3897
499.7733 2252.3875
499.2531 2257.3800
498.7333 2262.3673
498.2138 2267.3495
497.6948 2272.3264
497.1763 2277.2982
496.6581 2282.2648
496.1403 2287.2262
495.6230 2292.1824
495.1060 2297.1335
494.5895 2302.0794
494.0734 2307.0201
493.5577 2311.9557
493.0424 2316.8861
492.5275 2321.8114
492.0130 2326.7315
491.4989 2331.6465
490.9852 2336.5563
490.4720 2341.4611
489.9591 2346.3607
489.4466 2351.2551
488.9346 2356.1445
488.4229 2361.0287
487.9117 2365.9078
487.4008 2370.7818
486.8903 2375.6507
486.3803 2380.5145
485.8706 2385.3732
485.3613 2390.2269
484.8525 2395.0754
484.3440 2399.9188
483.8359 2404.7572
483.3282 2409.5905
482.8210 2414.4187
482.3141 2419.2418
481.8076 2424.0599
481.3014 2428.8729
480.7957 2433.6809
480.2904 2438.4838
479.7854 2443.2816
479.2809 2448.0744
478.7767 2452.8622
478.2729 2457.6449
477.7696 2462.4226
477.2666 2467.1953
476.7639 2471.9629
476.2617 2476.7255
475.7598 2481.4831
475.2584 2486.2357
474.7573 2490.9833
474.2566 2495.7259
473.7563 2500.4634
473.2563 2505.1960
472.7567 2509.9236
472.2576 2514.6461
471.7587 2519.3637
471.2603 2524.0763
470.7623 2528.7840
470.2646 2533.4866
469.7673 2538.1843
469.2704 2542.8770
468.7738 2547.5647
468.2776 2552.2475
467.7818 2556.9253
467.2864 2561.5982
466.7913 2566.2661
466.2966 2570.9291
465.8023 2575.5871
465.3084 2580.2402
464.8148 2584.8883
464.3216 2589.5315
463.8287 2594.1698
463.3362 2598.8032
462.8441 2603.4316
462.3524 2608.0551
461.8610 2612.6738
461.3699 2617.2875
460.8793 2621.8962
460.3890 2626.5001
459.8991 2631.0991
459.4095 2635.6932
458.9203 2640.2824
458.4314 2644.8667
457.9429 2649.4462
457.4548 2654.0207
456.9670 2658.5904
456.4796 2663.1552
455.9926 2667.7151
455.5058 2672.2702
455.0195 2676.8204
454.5335 2681.3657
454.0479 2685.9062
453.5626 2690.4418
453.0777 2694.9726
452.5931 2699.4985
452.1088 2704.0196
451.6250 2708.5359
451.1414 2713.0473
450.6583 2717.5539
450.1754 2722.0556
449.6930 2726.5525
449.2108 2731.0447
448.7291 2735.5319
448.2476 2740.0144
447.7665 2744.4921
447.2858 2748.9649
446.8054 2753.4330
446.3253 2757.8963
445.8456 2762.3547
445.3663 2766.8084
444.8872 2771.2572
444.4086 2775.7013
443.9302 2780.1406
443.4522 2784.5752
442.9746 2789.0049
442.4972 2793.4299
442.0203 2797.8501
441.5436 2802.2655
441.0673 2806.6762
440.5913 2811.0821
440.1157 2815.4833
439.6404 2819.8797
439.1654 2824.2713
438.6908 2828.6582
438.2165 2833.0404
437.7426 2837.4178
437.2689 2841.7905
436.7956 2846.1585
436.3227 2850.5217
435.8500 2854.8802
435.3777 2859.2340
434.9058 2863.5830
434.4341 2867.9274
433.9628 2872.2670
433.4918 2876.6019
433.0212 2880.9321
432.5508 2885.2576
432.0808 2889.5785
431.6112 2893.8946
431.1418 2898.2060
430.6728 2902.5127
430.2041 2906.8148
429.7357 2911.1121
429.2676 2915.4048
428.7999 2919.6928
428.3325 2923.9761
427.8654 2928.2548
427.3986 2932.5288
426.9322 2936.7981
426.4660 2941.0627
426.0002 2945.3227
425.5347 2949.5781
425.0696 2953.8288
424.6047 2958.0748
424.1402 2962.3162
423.6759 2966.5530
423.2120 2970.7851
422.7484 2975.0126
422.2851 2979.2354
421.8222 2983.4537
421.3595 2987.6673
420.8972 2991.8762
420.4351 2996.0806
419.9734 3000.2803
419.5120 3004.4754
419.0509 3008.6660
418.5901 3012.8519
418.1297 3017.0332
417.6695 3021.2098
417.2096 3025.3819
416.7501 3029.5494
416.2908 3033.7124
415.8319 3037.8707
415.3733 3042.0244
414.9149 3046.1736
414.4569 3050.3181
413.9992 3054.4581
413.5418 3058.5935
413.0847 3062.7244
412.6279 3066.8507
412.1714 3070.9724
411.7152 3075.0895
411.2593 3079.2021
410.8037 3083.3102
410.3484 3087.4136
409.8934 3091.5126
409.4386 3095.6070
408.9842 3099.6968
408.5301 3103.7821
408.0763 3107.8629
407.6228 3111.9391
407.1696 3116.0108
406.7167 3120.0780
406.2641 3124.1406
405.8118 3128.1987
405.3597 3132.2523
404.9080 3136.3014
404.4565 3140.3460
404.0054 3144.3860
403.5545 3148.4216
403.1040 3152.4526
402.6537 3156.4791
402.2037 3160.5012
401.7540 3164.5187
401.3046 3168.5318
400.8555 3172.5403
400.4067 3176.5444
399.9581 3180.5440
399.5099 3184.5391
399.0619 3188.5297
398.6142 3192.5158
398.1668 3196.4975
397.7197 3200.4747
397.2729 3204.4474
396.8264 3208.4157
396.3801 3212.3795
395.9342 3216.3388
395.4885 3220.2937
395.0431 3224.2442
394.5980 3228.1901
394.1531 3232.1317
393.7086 3236.0688
393.2643 3240.0014
392.8203 3243.9296
392.3766 3247.8534
391.9332 3251.7727
391.4900 3255.6876
391.0471 3259.5981
390.6045 3263.5041
390.1622 3267.4057
389.7202 3271.3029
389.2784 3275.1957
388.8369 3279.0841
388.3957 3282.9681
387.9547 3286.8476
387.5141 3290.7227
387.0737 3294.5935
386.6336 3298.4598
386.1937 3302.3218
385.7541 3306.1793
385.3148 3310.0324
384.8758 3313.8812
384.4371 3317.7256
383.9986 3321.5656
383.5603 3325.4012
383.1224 3329.2324
382.6847 3333.0592
382.2473 3336.8817
381.8102 3340.6998
381.3733 3344.5136
380.9367 3348.3229
380.5003 3352.1279
380.0643 3355.9286
379.6284 3359.7248
379.1929 3363.5168
378.7576 3367.3044
378.3226 3371.0876
377.8879 3374.8665
377.4534 3378.6410
377.0192 3382.4112
376.5852 3386.1770
376.1515 3389.9386
375.7181 3393.6957
375.2849 3397.4486
374.8520 3401.1971
374.4193 3404.9413
373.9869 3408.6812
373.5548 3412.4167
373.1229 3416.1479
372.6913 3419.8749
372.2599 3423.5975
371.8288 3427.3157
371.3980 3431.0297
370.9674 3434.7394
370.5371 3438.4448
370.1070 3442.1458
369.6772 3445.8426
369.2476 3449.5351
368.8183 3453.2233
368.3892 3456.9072
367.9604 3460.5868
367.5319 3464.2621
367.1036 3467.9331
366.6755 3471.5999
366.2477 3475.2624
365.8202 3478.9206
365.3929 3482.5745
364.9659 3486.2242
364.5391 3489.8695
364.1125 3493.5107
363.6862 3497.1475
363.2602 3500.7801
362.8344 3504.4085
362.4089 3508.0326
361.9836 3511.6524
361.5585 3515.2680
361.1337 3518.8793
360.7091 3522.4864
360.2848 3526.0893
359.8608 3529.6879
359.4369 3533.2823
359.0134 3536.8724
358.5900 3540.4583
358.1669 3544.0400
357.7441 3547.6174
357.3215 3551.1906
356.8991 3554.7596
356.4770 3558.3244
356.0551 3561.8849
355.6335 3565.4413
355.2121 3568.9934
354.7909 3572.5413
354.3700 3576.0850
353.9493 3579.6245
353.5289 3583.1598
353.1087 3586.6909
352.6887 3590.2177
352.2690 3593.7404
351.8495 3597.2589
351.4302 3600.7732
351.0112 3604.2833
350.5924 3607.7893
350.1739 3611.2910
349.7556 3614.7886
349.3375 3618.2819
348.9197 3621.7711
348.5021 3625.2562
348.0847 3628.7370
347.6675 3632.2137
347.2506 3635.6862
346.8340 3639.1545
346.4175 3642.6187
346.0013 3646.0787
345.5853 3649.5346
345.1696 3652.9863
344.7541 3656.4338
344.3388 3659.8772
343.9237 3663.3164
343.5089 3666.7515
343.0943 3670.1825
342.6799 3673.6093
342.2657 3677.0319
341.8518 3680.4504
341.4381 3683.8648
341.0247 3687.2751
340.6114 3690.6812
340.1984 3694.0832
339.7856 3697.4810
339.3731 3700.8748
338.9607 3704.2644
338.5486 3707.6499
338.1367 3711.0312
337.7251 3714.4085
337.3136 3717.7816
336.9024 3721.1506
336.4914 3724.5156
336.0806 3727.8764
335.6701 3731.2331
335.2597 3734.5857
334.8496 3737.9342
334.4397 3741.2786
334.0300 3744.6189
333.6206 3747.9551
333.2114 3751.2872
332.8023 3754.6152
332.3935 3757.9391
331.9850 3761.2590
331.5766 3764.5748
331.1685 3767.8864
330.7605 3771.1940
330.3528 3774.4976
329.9453 3777.7970
329.5380 3781.0924
329.1310 3784.3837
328.7241 3787.6710
328.3175 3790.9541
327.9111 3794.2332
327.5049 3797.5083
327.0989 3800.7793
326.6931 3804.0462
326.2875 3807.3091
325.8822 3810.5679
325.4770 3813.8227
325.0721 3817.0734
324.6674 3820.3201
324.2629 3823.5627
323.8586 3826.8013
323.4545 3830.0358
323.0506 3833.2663
322.6469 3836.4928
322.2435 3839.7152
321.8402 3842.9337
321.4372 3846.1480
321.0343 3849.3584
320.6317 3852.5647
320.2293 3855.7670
319.8271 3858.9652
319.4251 3862.1595
319.0233 3865.3497
318.6217 3868.5360
318.2203 3871.7182
317.8191 3874.8963
317.4181 3878.0705
317.0173 3881.2407
316.6167 3884.4069
316.2164 3887.5690
315.8162 3890.7272
315.4162 3893.8814
315.0165 3897.0315
314.6169 3900.1777
314.2176 3903.3199
313.8184 3906.4581
313.4194 3909.5922
313.0207 3912.7225
312.6221 3915.8487
312.2238 3918.9709
311.8256 3922.0892
311.4277 3925.2035
311.0299 3928.3138
310.6324 3931.4201
310.2350 3934.5224
309.8378 3937.6208
309.4409 3940.7152
309.0441 3943.8057
308.6475 3946.8921
308.2511 3949.9746
307.8550 3953.0532
307.4590 3956.1278
307.0632 3959.1984
306.6676 3962.2651
306.2722 3965.3278
305.8770 3968.3866
305.4820 3971.4414
305.0872 3974.4923
304.6925 3977.5392
304.2981 3980.5822
303.9039 3983.6212
303.5098 3986.6563
303.1160 3989.6875
302.7223 3992.7147
302.3288 3995.7380
301.9356 3998.7574
301.5425 4001.7728
301.1496 4004.7843
300.7569 4007.7918
300.3643 4010.7955
299.9720 4013.7952
299.5799 4016.7910
299.1879 4019.7829
298.7962 4022.7708
298.4046 4025.7549
298.0132 4028.7350
297.6220 4031.7112
297.2310 4034.6836
296.8401 4037.6520
296.4495 4040.6165
296.0590 4043.5770
295.6688 4046.5337
295.2787 4049.4865
294.8888 4052.4354
294.4991 4055.3804
294.1095 4058.3215
293.7202 4061.2587
293.3310 4064.1920
292.9420 4067.1214
292.5532 4070.0470
292.1646 4072.9686
291.7762 4075.8864
291.3879 4078.8002
290.9998 4081.7102
290.6119 4084.6164
290.2242 4087.5186
289.8367 4090.4170
289.4494 4093.3115
289.0622 4096.2021
288.6752 4099.0888
288.2884 4101.9717
287.9018 4104.8507
287.5153 4107.7259
287.1290 4110.5972
286.7429 4113.4646
286.3570 4116.3282
285.9713 4119.1879
285.5857 4122.0438
285.2003 4124.8958
284.8151 4127.7439
284.4301 4130.5882
284.0452 4133.4287
283.6605 4136.2653
283.2760 4139.0980
282.8917 4141.9270
282.5075 4144.7520
282.1235 4147.5733
281.7397 4150.3907
281.3561 4153.2042
280.9726 4156.0140
280.5893 4158.8198
280.2062 4161.6219
279.8232 4164.4201
279.4405 4167.2145
279.0579 4170.0051
278.6754 4172.7919
278.2932 4175.5748
277.9111 4178.3539
277.5292 4181.1292
277.1474 4183.9007
276.7658 4186.6683
276.3844 4189.4322
276.0032 4192.1922
275.6221 4194.9484
275.2412 4197.7009
274.8604 4200.4495
274.4799 4203.1943
274.0995 4205.9353
273.7192 4208.6725
273.3392 4211.4058
272.9593 4214.1354
272.5795 4216.8612
272.2000 4219.5832
271.8206 4222.3014
271.4413 4225.0159
271.0623 4227.7265
270.6834 4230.4333
270.3046 4233.1364
269.9260 4235.8356
269.5476 4238.5311
269.1694 4241.2228
268.7913 4243.9107
268.4134 4246.5948
268.0356 4249.2752
267.6580 4251.9518
267.2806 4254.6246
266.9033 4257.2936
266.5262 4259.9589
266.1492 4262.6204
265.7724 4265.2781
265.3958 4267.9321
265.0193 4270.5822
264.6430 4273.2287
264.2669 4275.8713
263.8909 4278.5103
263.5150 4281.1454
263.1394 4283.7768
262.7639 4286.4044
262.3885 4289.0283
262.0133 4291.6485
261.6383 4294.2648
261.2634 4296.8775
260.8887 4299.4864
260.5141 4302.0915
260.1397 4304.6929
259.7654 4307.2906
259.3913 4309.8845
259.0174 4312.4746
258.6436 4315.0611
258.2700 4317.6438
257.8965 4320.2227
257.5232 4322.7980
257.1500 4325.3695
256.7770 4327.9372
256.4041 4330.5013
256.0314 4333.0616
255.6588 4335.6182
255.2864 4338.1711
254.9142 4340.7202
254.5421 4343.2656
254.1702 4345.8073
253.7984 4348.3453
253.4267 4350.8796
253.0552 4353.4101
252.6839 4355.9370
252.3127 4358.4601
251.9417 4360.9795
251.5708 4363.4952
251.2000 4366.0072
250.8294 4368.5155
250.4590 4371.0201
250.0887 4373.5210
249.7186 4376.0182
249.3486 4378.5117
248.9787 4381.0015
248.6090 4383.4875
248.2395 4385.9699
247.8701 4388.4486
247.5008 4390.9237
247.1317 4393.3950
246.7627 4395.8626
246.3939 4398.3265
246.0252 4400.7868
245.6567 4403.2434
245.2883 4405.6962
244.9201 4408.1454
244.5520 4410.5910
244.1840 4413.0328
243.8162 4415.4710
243.4486 4417.9055
243.0811 4420.3363
242.7137 4422.7634
242.3465 4425.1869
241.9794 4427.6067
241.6124 4430.0228
241.2456 4432.4352
240.8790 4434.8440
240.5125 4437.2492
240.1461 4439.6506
239.7798 4442.0484
239.4137 4444.4426
239.0478 4446.8330
238.6820 4449.2199
238.3163 4451.6030
237.9508 4453.9825
237.5854 4456.3584
237.2201 4458.7306
236.8550 4461.0991
236.4900 4463.4640
236.1252 4465.8253
235.7605 4468.1829
235.3959 4470.5368
235.0315 4472.8872
234.6672 4475.2338
234.3031 4477.5769
233.9390 4479.9163
233.5752 4482.2520
233.2114 4484.5841
232.8478 4486.9126
232.4844 4489.2374
232.1210 4491.5587
231.7578 4493.8762
231.3948 4496.1902
231.0318 4498.5005
230.6690 4500.8072
230.3064 4503.1103
229.9439 4505.4097
229.5815 4507.7055
229.2192 4509.9977
228.8571 4512.2863
228.4951 4514.5712
228.1332 4516.8526
227.7715 4519.1303
227.4099 4521.4044
227.0485 4523.6749
226.6871 4525.9417
226.3259 4528.2050
225.9649 4530.4646
225.6039 4532.7207
225.2431 4534.9731
224.8824 4537.2219
224.5219 4539.4672
224.1615 4541.7088
223.8012 4543.9468
223.4410 4546.1812
223.0810 4548.4120
222.7211 4550.6392
222.3613 4552.8628
222.0017 4555.0829
221.6422 4557.2993
221.2828 4559.5121
220.9235 4561.7213
220.5644 4563.9270
220.2054 4566.1290
219.8465 4568.3275
219.4878 4570.5224
219.1292 4572.7137
218.7707 4574.9014
218.4123 4577.0855
218.0540 4579.2660
217.6959 4581.4430
217.3379 4583.6164
216.9801 4585.7862
216.6223 4587.9524
216.2647 4590.1151
215.9072 4592.2741
215.5498 4594.4296
215.1926 4596.5816
214.8354 4598.7299
214.4784 4600.8747
214.1216 4603.0159
213.7648 4605.1536
213.4082 4607.2876
213.0517 4609.4182
212.6953 4611.5451
212.3390 4613.6685
211.9828 4615.7883
211.6268 4617.9046
211.2709 4620.0173
210.9151 4622.1265
210.5595 4624.2321
210.2039 4626.3341
209.8485 4628.4326
209.4932 4630.5275
209.1380 4632.6189
208.7829 4634.7067
208.4280 4636.7910
208.0732 4638.8717
207.7184 4640.9489
207.3639 4643.0226
207.0094 4645.0927
206.6550 4647.1592
206.3008 4649.2222
205.9467 4651.2817
205.5927 4653.3376
205.2388 4655.3900
204.8850 4657.4388
204.5313 4659.4842
204.1778 4661.5259
203.8244 4663.5642
203.4711 4665.5989
203.1179 4667.6301
202.7648 4669.6577
202.4118 4671.6818
202.0590 4673.7024
201.7063 4675.7195
201.3536 4677.7330
201.0011 4679.7430
200.6488 4681.7495
200.2965 4683.7525
199.9443 4685.7519
199.5923 4687.7479
199.2403 4689.7403
198.8885 4691.7292
198.5368 4693.7145
198.1852 4695.6964
197.8337 4697.6747
197.4823 4699.6495
197.1310 4701.6208
196.7799 4703.5886
196.4288 4705.5529
196.0779 4707.5137
195.7271 4709.4710
195.3764 4711.4248
195.0258 4713.3750
194.6753 4715.3218
194.3249 4717.2650
193.9746 4719.2048
193.6244 4721.1410
193.2744 4723.0737
192.9244 4725.0030
192.5746 4726.9287
192.2249 4728.8510
191.8752 4730.7697
191.5257 4732.6850
191.1763 4734.5968
190.8270 4736.5050
190.4778 4738.4098
190.1287 4740.3111
189.7798 4742.2089
189.4309 4744.1032
189.0821 4745.9940
188.7334 4747.8814
188.3849 4749.7652
188.0364 4751.6456
187.6881 4753.5225
187.3398 4755.3959
186.9917 4757.2658
186.6437 4759.1322
186.2957 4760.9952
185.9479 4762.8547
185.6002 4764.7107
185.2526 4766.5632
184.9051 4768.4122
184.5577 4770.2578
184.2103 4772.0999
183.8631 4773.9385
183.5160 4775.7737
183.1690 4777.6054
182.8221 4779.4336
182.4753 4781.2584
182.1286 4783.0797
181.7821 4784.8975
181.4356 4786.7118
181.0892 4788.5227
180.7429 4790.3302
180.3967 4792.1341
180.0506 4793.9346
179.7046 4795.7317
179.3587 4797.5253
179.0129 4799.3154
178.6672 4801.1021
178.3216 4802.8853
177.9761 4804.6650
177.6307 4806.4414
177.2854 4808.2142
176.9402 4809.9836
176.5951 4811.7496
176.2501 4813.5121
175.9052 4815.2711
175.5604 4817.0267
175.2157 4818.7789
174.8711 4820.5276
174.5266 4822.2729
174.1822 4824.0147
173.8378 4825.7531
173.4936 4827.4880
173.1495 4829.2195
172.8055 4830.9475
172.4615 4832.6722
172.1177 4834.3933
171.7739 4836.1111
171.4303 4837.8254
171.0867 4839.5362
170.7432 4841.2437
170.3999 4842.9477
170.0566 4844.6482
169.7134 4846.3454
169.3703 4848.0391
169.0273 4849.7294
168.6844 4851.4162
168.3416 4853.0996
167.9989 4854.7796
167.6562 4856.4562
167.3137 4858.1293
166.9713 4859.7990
166.6289 4861.4653
166.2866 4863.1282
165.9445 4864.7876
165.6024 4866.4436
165.2604 4868.0963
164.9185 4869.7454
164.5767 4871.3912
164.2350 4873.0336
163.8934 4874.6725
163.5518 4876.3080
163.2104 4877.9401
162.8690 4879.5688
162.5278 4881.1941
162.1866 4882.8159
161.8455 4884.4344
161.5045 4886.0495
161.1636 4887.6611
160.8228 4889.2693
160.4820 4890.8741
160.1414 4892.4755
159.8008 4894.0736
159.4603 4895.6682
159.1200 4897.2594
158.7797 4898.8472
158.4394 4900.4316
158.0993 4902.0125
157.7593 4903.5901
157.4193 4905.1643
157.0795 4906.7351
156.7397 4908.3025
156.4000 4909.8665
156.0604 4911.4271
155.7208 4912.9843
155.3814 4914.5382
155.0420 4916.0886
154.7028 4917.6356
154.3636 4919.1792
154.0245 4920.7195
153.6855 4922.2563
153.3465 4923.7898
153.0077 4925.3199
152.6689 4926.8466
152.3302 4928.3699
151.9916 4929.8898
151.6531 4931.4063
151.3147 4932.9195
150.9763 4934.4292
150.6380 4935.9356
150.2998 4937.4386
149.9617 4938.9382
149.6237 4940.4345
149.2857 4941.9273
148.9479 4943.4168
148.6101 4944.9029
148.2724 4946.3856
147.9348 4947.8650
147.5972 4949.3410
147.2597 4950.8136
146.9224 4952.2828
146.5850 4953.7486
146.2478 4955.2111
145.9107 4956.6702
145.5736 4958.1259
145.2366 4959.5783
144.8997 4961.0273
144.5629 4962.4729
144.2261 4963.9152
143.8894 4965.3541
143.5528 4966.7896
143.2163 4968.2218
142.8799 4969.6506
142.5435 4971.0760
142.2072 4972.4981
141.8710 4973.9168
141.5349 4975.3322
141.1988 4976.7441
140.8628 4978.1528
140.5269 4979.5580
140.1911 4980.9600
139.8553 4982.3585
139.5196 4983.7537
139.1840 4985.1455
138.8485 4986.5340
138.5130 4987.9192
138.1777 4989.3009
137.8424 4990.6794
137.5071 4992.0544
137.1720 4993.4262
136.8369 4994.7945
136.5019 4996.1595
136.1669 4997.5212
135.8321 4998.8795
135.4973 5000.2345
135.1626 5001.5861
134.8279 5002.9344
134.4933 5004.2793
134.1588 5005.6209
133.8244 5006.9592
133.4900 5008.2941
133.1558 5009.6256
132.8215 5010.9539
132.4874 5012.2787
132.1533 5013.6003
131.8193 5014.9185
131.4854 5016.2333
131.1515 5017.5448
130.8177 5018.8530
130.4840 5020.1578
130.1504 5021.4594
129.8168 5022.7575
129.4833 5024.0524
129.1498 5025.3439
128.8165 5026.6320
128.4832 5027.9169
128.1499 5029.1983
127.8168 5030.4765
127.4837 5031.7514
127.1506 5033.0229
126.8177 5034.2910
126.4848 5035.5559
126.1519 5036.8174
125.8192 5038.0756
125.4865 5039.3305
125.1539 5040.5820
124.8213 5041.8302
124.4888 5043.0751
124.1564 5044.3167
123.8240 5045.5549
123.4917 5046.7898
123.1595 5048.0214
122.8274 5049.2497
122.4953 5050.4747
122.1632 5051.6963
121.8313 5052.9146
121.4994 5054.1296
121.1675 5055.3413
120.8358 5056.5496
120.5041 5057.7547
120.1724 5058.9564
119.8408 5060.1548
119.5093 5061.3499
119.1779 5062.5417
118.8465 5063.7301
118.5152 5064.9153
118.1839 5066.0971
117.8527 5067.2757
117.5216 5068.4509
117.1905 5069.6228
116.8595 5070.7914
116.5285 5071.9567
116.1976 5073.1186
115.8668 5074.2773
115.5361 5075.4327
115.2054 5076.5847
114.8747 5077.7335
114.5441 5078.8789
114.2136 5080.0210
113.8832 5081.1599
113.5528 5082.2954
113.2224 5083.4276
112.8921 5084.5566
112.5619 5085.6822
112.2318 5086.8045
111.9017 5087.9235
111.5716 5089.0392
111.2417 5090.1516
110.9117 5091.2608
110.5819 5092.3666
110.2521 5093.4691
109.9223 5094.5683
109.5926 5095.6643
109.2630 5096.7569
108.9334 5097.8462
108.6039 5098.9323
108.2745 5100.0150
107.9451 5101.0945
107.6157 5102.1706
107.2864 5103.2435
106.9572 5104.3131
106.6280 5105.3793
106.2989 5106.4423
105.9699 5107.5020
105.6409 5108.5584
105.3119 5109.6115
104.9830 5110.6614
104.6542 5111.7079
104.3254 5112.7512
103.9967 5113.7911
103.6680 5114.8278
103.3394 5115.8612
103.0108 5116.8913
102.6823 5117.9182
102.3539 5118.9417
102.0255 5119.9619
101.6971 5120.9789
101.3688 5121.9926
101.0406 5123.0030
100.7124 5124.0101
100.3843 5125.0140
100.0562 5126.0145
99.7282 5127.0118
99.4002 5128.0058
99.0723 5128.9965
98.7444 5129.9840
98.4166 5130.9682
98.0888 5131.9490
97.7611 5132.9267
97.4334 5133.9010
97.1058 5134.8721
96.7783 5135.8398
96.4508 5136.8043
96.1233 5137.7656
95.7959 5138.7235
95.4685 5139.6782
95.1412 5140.6296
94.8140 5141.5778
94.4868 5142.5226
94.1596 5143.4642
93.8325 5144.4026
93.5054 5145.3376
93.1784 5146.2694
92.8515 5147.1979
92.5246 5148.1232
92.1977 5149.0451
91.8709 5149.9639
91.5441 5150.8793
91.2174 5151.7915
90.8907 5152.7004
90.5641 5153.6060
90.2375 5154.5084
89.9110 5155.4075
89.5845 5156.3034
89.2581 5157.1959
88.9317 5158.0853
88.6054 5158.9713
88.2791 5159.8541
87.9528 5160.7336
87.6266 5161.6099
87.3005 5162.4829
86.9743 5163.3526
86.6483 5164.2191
86.3223 5165.0823
85.9963 5165.9423
85.6704 5166.7990
85.3445 5167.6525
85.0186 5168.5026
84.6928 5169.3496
84.3671 5170.1932
84.0414 5171.0337
83.7157 5171.8708
83.3901 5172.7047
83.0645 5173.5354
82.7390 5174.3628
82.4135 5175.1869
82.0881 5176.0078
81.7627 5176.8254
81.4373 5177.6398
81.1120 5178.4509
80.7867 5179.2588
80.4615 5180.0634
80.1363 5180.8647
79.8111 5181.6629
79.4860 5182.4577
79.1610 5183.2493
78.8359 5184.0377
78.5110 5184.8228
78.1860 5185.6047
77.8611 5186.3833
77.5363 5187.1586
77.2114 5187.9307
76.8867 5188.6996
76.5619 5189.4652
76.2372 5190.2276
75.9126 5190.9867
75.5879 5191.7426
75.2634 5192.4952
74.9388 5193.2446
74.6143 5193.9908
74.2898 5194.7337
73.9654 5195.4733
73.6410 5196.2097
73.3167 5196.9429
72.9924 5197.6728
72.6681 5198.3995
72.3439 5199.1230
72.0197 5199.8432
71.6955 5200.5601
71.3714 5201.2738
71.0473 5201.9843
70.7233 5202.6915
70.3993 5203.3955
70.0753 5204.0963
69.7513 5204.7938
69.4274 5205.4881
69.1036 5206.1791
68.7798 5206.8669
68.4560 5207.5515
68.1322 5208.2328
67.8085 5208.9109
67.4848 5209.5857
67.1611 5210.2573
66.8375 5210.9257
66.5139 5211.5908
66.1904 5212.2527
65.8669 5212.9114
65.5434 5213.5669
65.2200 5214.2191
64.8966 5214.8680
64.5732 5215.5137
64.2498 5216.1562
63.9265 5216.7955
63.6032 5217.4315
63.2800 5218.0643
62.9568 5218.6939
62.6336 5219.3203
62.3105 5219.9434
61.9874 5220.5632
61.6643 5221.1799
61.3412 5221.7933
61.0182 5222.4035
60.6952 5223.0104
60.3723 5223.6141
60.0494 5224.2146
59.7265 5224.8119
59.4036 5225.4059
59.0808 5225.9968
58.7580 5226.5843
58.4352 5227.1687
58.1125 5227.7498
57.7898 5228.3277
57.4671 5228.9024
57.1444 5229.4738
56.8218 5230.0420
56.4992 5230.6070
56.1767 5231.1688
55.8541 5231.7273
55.5316 5232.2827
55.2092 5232.8348
54.8867 5233.3836
54.5643 5233.9293
54.2419 5234.4717
53.9196 5235.0109
53.5972 5235.5469
53.2749 5236.0796
52.9527 5236.6091
52.6304 5237.1354
52.3082 5237.6585
51.9860 5238.1784
51.6638 5238.6950
51.3417 5239.2084
51.0196 5239.7186
50.6975 5240.2256
50.3754 5240.7294
50.0534 5241.2299
49.7314 5241.7272
49.4094 5242.2213
49.0874 5242.7122
48.7655 5243.1998
48.4436 5243.6843
48.1217 5244.1655
47.7999 5244.6435
47.4780 5245.1183
47.1562 5245.5898
46.8344 5246.0582
46.5127 5246.5233
46.1909 5246.9852
45.8692 5247.4439
45.5475 5247.8994
45.2259 5248.3516
44.9042 5248.8007
44.5826 5249.2465
44.2610 5249.6891
43.9395 5250.1285
43.6179 5250.5647
43.2964 5250.9977
42.9749 5251.4274
42.6534 5251.8539
42.3320 5252.2773
42.0105 5252.6974
41.6891 5253.1143
41.3677 5253.5279
41.0463 5253.9384
40.7250 5254.3457
40.4037 5254.7497
40.0823 5255.1505
39.7611 5255.5481
39.4398 5255.9425
39.1185 5256.3337
38.7973 5256.7217
38.4761 5257.1064
38.1549 5257.4880
37.8338 5257.8663
37.5126 5258.2415
37.1915 5258.6134
36.8704 5258.9821
36.5493 5259.3476
36.2282 5259.7099
35.9072 5260.0689
35.5861 5260.4248
35.2651 5260.7774
34.9441 5261.1269
34.6231 5261.4731
34.3022 5261.8161
33.9812 5262.1559
33.6603 5262.4926
33.3394 5262.8259
33.0185 5263.1561
32.6976 5263.4831
32.3768 5263.8069
32.0559 5264.1274
31.7351 5264.4448
31.4143 5264.7589
31.0935 5265.0699
30.7727 5265.3776
30.4520 5265.6821
30.1312 5265.9834
29.8105 5266.2815
29.4898 5266.5764
29.1691 5266.8681
28.8484 5267.1566
28.5277 5267.4419
28.2071 5267.7240
27.8865 5268.0028
27.5658 5268.2785
27.2452 5268.5509
26.9246 5268.8202
26.6040 5269.0862
26.2835 5269.3491
25.9629 5269.6087
25.6424 5269.8651
25.3219 5270.1183
25.0013 5270.3683
24.6808 5270.6152
24.3604 5270.8588
24.0399 5271.0992
23.7194 5271.3363
23.3990 5271.5703
23.0785 5271.8011
22.7581 5272.0287
22.4377 5272.2531
22.1173 5272.4743
21.7969 5272.6922
21.4765 5272.9070
21.1561 5273.1186
20.8358 5273.3269
20.5154 5273.5321
20.1951 5273.7340
19.8748 5273.9328
19.5544 5274.1283
19.2341 5274.3207
18.9138 5274.5098
18.5936 5274.6957
18.2733 5274.8785
17.9530 5275.0580
17.6328 5275.2343
17.3125 5275.4074
16.9923 5275.5774
16.6720 5275.7441
16.3518 5275.9076
16.0316 5276.0679
15.7114 5276.2250
15.3912 5276.3790
15.0710 5276.5297
14.7508 5276.6772
14.4306 5276.8215
14.1105 5276.9626
13.7903 5277.1005
13.4702 5277.2352
13.1500 5277.3667
12.8299 5277.4950
12.5097 5277.6201
12.1896 5277.7420
11.8695 5277.8607
11.5494 5277.9762
11.2293 5278.0885
10.9092 5278.1976
10.5891 5278.3034
10.2690 5278.4061
9.9489 5278.5056
9.6288 5278.6019
9.3088 5278.6950
8.9887 5278.7849
8.6686 5278.8716
8.3486 5278.9551
8.0285 5279.0354
7.7085 5279.1124
7.3884 5279.1863
7.0684 5279.2570
6.7483 5279.3245
6.4283 5279.3888
6.1083 5279.4499
5.7882 5279.5077
5.4682 5279.5624
5.1482 5279.6139
4.8282 5279.6622
4.5081 5279.7073
4.1881 5279.7491
3.8681 5279.7878
3.5481 5279.8233
3.2281 5279.8556
2.9081 5279.8847
2.5881 5279.9106
2.2681 5279.9332
1.9481 5279.9527
1.6281 5279.9690
1.3081 5279.9821
0.9881 5279.9920
0.6680 5279.9986
0.3480 5280.0021
0.0280 5280.0024
-0.2919 5279.9995
-0.6119 5279.9934
-0.9319 5279.9840
-1.2518 5279.9715
-1.5718 5279.9558
-1.8918 5279.9369
-2.2118 5279.9148
-2.5318 5279.8895
-2.8518 5279.8609
-3.1718 5279.8292
-3.4918 5279.7943
-3.8118 5279.7562
-4.1318 5279.7149
-4.4518 5279.6703
-4.7718 5279.6226
-5.0918 5279.5717
-5.4117 5279.5176
-5.7317 5279.4603
-6.0517 5279.3998
-6.3717 5279.3360
-6.6916 5279.2691
-7.0116 5279.1990
-7.3315 5279.1257
-7.6515 5279.0492
-7.9715 5278.9695
-8.2914 5278.8865
-8.6113 5278.8004
-8.9313 5278.7111
-9.2512 5278.6186
-9.5712 5278.5229
-9.8911 5278.4240
-10.2110 5278.3219
-10.5309 5278.2166
-10.8508 5278.1080
-11.1707 5277.9963
-11.4906 5277.8814
-11.8105 5277.7633
-12.1304 5277.6420
-12.4503 5277.5175
-12.7702 5277.3898
-13.0900 5277.2589
-13.4099 5277.1248
-13.7298 5276.9875
-14.0496 5276.8470
-14.3695 5276.7033
-14.6893 5276.5564
-15.0091 5276.4063
-15.3289 5276.2531
-15.6487 5276.0966
-15.9686 5275.9369
-16.2883 5275.7740
-16.6081 5275.6079
-16.9279 5275.4386
-17.2477 5275.2662
-17.5674 5275.0905
-17.8872 5274.9116
-18.2069 5274.7295
-18.5267 5274.5443
-18.8464 5274.3558
-19.1661 5274.1641
-19.4858 5273.9693
-19.8055 5273.7712
-20.1252 5273.5700
-20.4449 5273.3655
-20.7645 5273.1579
-21.0842 5272.9470
-21.4038 5272.7330
-21.7235 5272.5158
-22.0431 5272.2953
-22.3627 5272.0717
-22.6823 5271.8449
-23.0019 5271.6149
-23.3215 5271.3816
-23.6410 5271.1452
-23.9606 5270.9056
-24.2801 5270.6628
-24.5996 5270.4168
-24.9192 5270.1676
-25.2387 5269.9153
-25.5582 5269.6597
-25.8776 5269.4009
-26.1971 5269.1389
-26.5165 5268.8738
-26.8360 5268.6054
-27.1554 5268.3338
-27.4748 5268.0591
-27.7942 5267.7812
-28.1136 5267.5000
-28.4330 5267.2157
-28.7523 5266.9282
-29.0716 5266.6374
-29.3910 5266.3435
-29.7103 5266.0464
-30.0296 5265.7461
-30.3488 5265.4426
-30.6681 5265.1360
-30.9873 5264.8261
-31.3066 5264.5130
-31.6258 5264.1968
-31.9450 5263.8773
-32.2642 5263.5547
-32.5833 5263.2288
-32.9025 5262.8998
-33.2216 5262.5676
-33.5407 5262.2322
-33.8598 5261.8936
-34.1789 5261.5518
-34.4980 5261.2068
-34.8170 5260.8586
-35.1361 5260.5073
-35.4551 5260.1527
-35.7741 5259.7950
-36.0930 5259.4341
-36.4120 5259.0699
-36.7309 5258.7026
-37.0498 5258.3321
-37.3687 5257.9584
-37.6876 5257.5816
-38.0065 5257.2015
-38.3253 5256.8183
-38.6441 5256.4318
-38.9629 5256.0422
-39.2817 5255.6494
-39.6005 5255.2534
-39.9192 5254.8542
-40.2380 5254.4518
-40.5567 5254.0462
-40.8753 5253.6375
-41.1940 5253.2255
-41.5126 5252.8104
-41.8313 5252.3921
-42.1499 5251.9706
-42.4684 5251.5459
-42.7870 5251.1180
-43.1055 5250.6870
-43.4240 5250.2527
-43.7425 5249.8153
-44.0610 5249.3747
-44.3794 5248.9309
-44.6978 5248.4839
-45.0162 5248.0338
-45.3346 5247.5804
-45.6530 5247.1239
-45.9713 5246.6642
-46.2896 5246.2013
-46.6079 5245.7352
-46.9261 5245.2659
-47.2444 5244.7935
-47.5626 5244.3179
-47.8808 5243.8391
-48.1989 5243.3571
-48.5171 5242.8719
-48.8352 5242.3835
-49.1533 5241.8920
-49.4713 5241.3973
-49.7894 5240.8994
-50.1074 5240.3983
-50.4254 5239.8941
-50.7433 5239.3866
-51.0613 5238.8760
-51.3792 5238.3622
-51.6971 5237.8453
-52.0149 5237.3251
-52.3328 5236.8018
-52.6506 5236.2753
-52.9683 5235.7456
-53.2861 5235.2127
-53.6038 5234.6767
-53.9215 5234.1375
-54.2392 5233.5951
-54.5568 5233.0495
-54.8744 5232.5008
-55.1920 5231.9488
-55.5096 5231.3938
-55.8271 5230.8355
-56.1446 5230.2740
-56.4621 5229.7094
-56.7795 5229.1416
-57.0969 5228.5706
-57.4143 5227.9965
-57.7317 5227.4192
-58.0490 5226.8387
-58.3663 5226.2550
-58.6836 5225.6682
-59.0008 5225.0782
-59.3180 5224.4850
-59.6352 5223.8887
-59.9524 5223.2891
-60.2695 5222.6864
-60.5866 5222.0806
-60.9036 5221.4715
-61.2206 5220.8593
-61.5376 5220.2439
-61.8546 5219.6254
-62.1715 5219.0037
-62.4884 5218.3788
-62.8053 5217.7507
-63.1221 5217.1195
-63.4390 5216.4851
-63.7557 5215.8476
-64.0725 5215.2069
-64.3892 5214.5630
-64.7059 5213.9159
-65.0225 5213.2657
-65.3391 5212.6123
-65.6557 5211.9557
-65.9722 5211.2960
-66.2887 5210.6331
-66.6052 5209.9671
-66.9217 5209.2978
-67.2381 5208.6255
-67.5544 5207.9499
-67.8708 5207.2712
-68.1871 5206.5893
-68.5034 5205.9043
-68.8196 5205.2161
-69.1358 5204.5247
-69.4520 5203.8302
-69.7681 5203.1325
-70.0842 5202.4317
-70.4003 5201.7277
-70.7163 5201.0205
-71.0323 5200.3102
-71.3482 5199.5967
-71.6642 5198.8801
-71.9800 5198.1603
-72.2959 5197.4373
-72.6117 5196.7112
-72.9275 5195.9819
-73.2432 5195.2495
-73.5589 5194.5139
-73.8746 5193.7752
-74.1902 5193.0333
-74.5058 5192.2882
-74.8213 5191.5400
-75.1368 5190.7886
-75.4523 5190.0341
-75.7677 5189.2764
-76.0831 5188.5156
-76.3985 5187.7516
-76.7138 5186.9845
-77.0291 5186.2142
-77.3443 5185.4407
-77.6595 5184.6641
-77.9747 5183.8844
-78.2898 5183.1015
-78.6049 5182.3154
-78.9200 5181.5262
-79.2350 5180.7339
-79.5499 5179.9384
-79.8649 5179.1397
-80.1798 5178.3379
-80.4946 5177.5330
-80.8094 5176.7249
-81.1242 5175.9137
-81.4389 5175.0993
-81.7536 5174.2817
-82.0682 5173.4611
-82.3828 5172.6372
-82.6974 5171.8102
-83.0119 5170.9801
-83.3264 5170.1469
-83.6408 5169.3105
-83.9552 5168.4709
-84.2695 5167.6282
-84.5839 5166.7824
-84.8981 5165.9334
-85.2123 5165.0813
-85.5265 5164.2260
-85.8407 5163.3676
-86.1547 5162.5060
-86.4688 5161.6414
-86.7828 5160.7735
-87.0968 5159.9026
-87.4107 5159.0285
-87.7246 5158.1512
-88.0384 5157.2708
-88.3522 5156.3873
-88.6659 5155.5006
-88.9796 5154.6108
-89.2933 5153.7179
-89.6069 5152.8218
-89.9204 5151.9226
-90.2339 5151.0203
-90.5474 5150.1148
-90.8608 5149.2062
-91.1742 5148.2945
-91.4876 5147.3796
-91.8009 5146.4616
-92.1141 5145.5404
-92.4273 5144.6162
-92.7404 5143.6888
-93.0535 5142.7582
-93.3666 5141.8246
-93.6796 5140.8878
-93.9926 5139.9478
-94.3055 5139.0048
-94.6184 5138.0586
-94.9312 5137.1093
-95.2440 5136.1568
-95.5567 5135.2013
-95.8694 5134.2426
-96.1820 5133.2808
-96.4946 5132.3158
-96.8071 5131.3477
-97.1196 5130.3765
-97.4320 5129.4022
-97.7444 5128.4248
-98.0568 5127.4442
-98.3691 5126.4605
-98.6813 5125.4737
-98.9935 5124.4838
-99.3056 5123.4907
-99.6177 5122.4945
-99.9298 5121.4952
-100.2418 5120.4928
-100.5537 5119.4873
-100.8656 5118.4786
-101.1775 5117.4669
-101.4893 5116.4520
-101.8010 5115.4340
-102.1127 5114.4128
-102.4243 5113.3886
-102.7359 5112.3612
-103.0475 5111.3307
-103.3589 5110.2972
-103.6704 5109.2605
-103.9818 5108.2206
-104.2931 5107.1777
-104.6044 5106.1317
-104.9156 5105.0825
-105.2268 5104.0302
-105.5379 5102.9749
-105.8490 5101.9164
-106.1600 5100.8548
-106.4709 5099.7901
-106.7819 5098.7222
-107.0927 5097.6513
-107.4035 5096.5773
-107.7143 5095.5001
-108.0250 5094.4199
-108.3356 5093.3365
-108.6462 5092.2501
-108.9567 5091.1605
-109.2672 5090.0678
-109.5776 5088.9720
-109.8880 5087.8732
-110.1983 5086.7712
-110.5086 5085.6661
-110.8188 5084.5579
-111.1290 5083.4466
-111.4391 5082.3322
-111.7491 5081.2147
-112.0591 5080.0941
-112.3690 5078.9704
-112.6789 5077.8437
-112.9887 5076.7138
-113.2985 5075.5808
-113.6082 5074.4447
-113.9179 5073.3055
-114.2275 5072.1632
-114.5370 5071.0179
-114.8465 5069.8694
-115.1559 5068.7178
-115.4653 5067.5632
-115.7746 5066.4055
-116.0838 5065.2446
-116.3930 5064.0807
-116.7022 5062.9137
-117.0112 5061.7435
-117.3203 5060.5703
-117.6292 5059.3940
-117.9381 5058.2147
-118.2470 5057.0322
-118.5558 5055.8466
-118.8645 5054.6580
-119.1732 5053.4663
-119.4818 5052.2714
-119.7904 5051.0735
-120.0988 5049.8725
-120.4073 5048.6685
-120.7157 5047.4613
-121.0240 5046.2511
-121.3322 5045.0378
-121.6404 5043.8214
-121.9486 5042.6019
-122.2566 5041.3793
-122.5647 5040.1537
-122.8726 5038.9249
-123.1805 5037.6931
-123.4883 5036.4582
-123.7961 5035.2203
-124.1038 5033.9792
-124.4115 5032.7351
-124.7191 5031.4879
-125.0266 5030.2377
-125.3341 5028.9843
-125.6415 5027.7279
-125.9488 5026.4684
-126.2561 5025.2059
-126.5633 5023.9402
-126.8705 5022.6715
-127.1776 5021.3997
-127.4846 5020.1249
-127.7916 5018.8470
-128.0985 5017.5660
-128.4053 5016.2819
-128.7121 5014.9948
-129.0188 5013.7046
-129.3255 5012.4114
-129.6321 5011.1150
-129.9386 5009.8157
-130.2451 5008.5132
-130.5515 5007.2077
-130.8578 5005.8991
-131.1641 5004.5875
-131.4703 5003.2728
-131.7764 5001.9550
-132.0825 5000.6342
-132.3885 4999.3103
-132.6945 4997.9834
-133.0003 4996.6533
-133.3062 4995.3203
-133.6119 4993.9842
-133.9176 4992.6450
-134.2232 4991.3028
-134.5288 4989.9575
-134.8343 4988.6091
-135.1397 4987.2577
-135.4451 4985.9033
-135.7503 4984.5458
-136.0556 4983.1852
-136.3607 4981.8216
-136.6658 4980.4549
-136.9709 4979.0852
-137.2758 4977.7125
-137.5807 4976.3367
-137.8855 4974.9578
-138.1903 4973.5759
-138.4950 4972.1910
-138.7996 4970.8030
-139.1042 4969.4119
-139.4086 4968.0178
-139.7131 4966.6207
-140.0174 4965.2205
-140.3217 4963.8173
-140.6259 4962.4111
-140.9300 4961.0018
-141.2341 4959.5894
-141.5381 4958.1740
-141.8421 4956.7556
-142.1459 4955.3342
-142.4497 4953.9097
-142.7535 4952.4821
-143.0571 4951.0515
-143.3607 4949.6179
-143.6642 4948.1813
-143.9677 4946.7416
-144.2711 4945.2989
-144.5744 4943.8532
-144.8776 4942.4044
-145.1808 4940.9526
-145.4839 4939.4977
-145.7869 4938.0399
